15	4	0
2	11	3
14	7	9
10	5	8
9	2	11
20	3	14
0	0	5
5	3	17
12	4	7
9	3	14
17	7	4
14	6	21
8	0	10
4	2	6
23	11	22
13	1	14
3	0	16
13	11	12
12	1	14
11	5	12
7	1	12
11	4	13
1	1	15
15	10	16
1	0	5
0	11	1
21	2	11
20	4	18
17	6	23
22	3	17
10	11	9
6	5	15
12	5	8
3	1	22
10	2	11
5	4	0
21	3	14
19	10	18
13	4	18
6	7	4
23	2	6
10	3	14
2	1	22
6	7	22
17	6	5
11	6	10
23	3	17
12	0	11
11	9	14
21	11	20
20	2	11
11	7	20
5	2	6
9	10	10
22	2	6
19	0	13
1	10	0
16	0	6
17	8	6
6	6	5
5	5	1
12	10	13
14	6	10
16	5	3
16	4	2
10	4	7
15	1	17
15	5	1
22	10	23
20	10	21
8	10	7
11	7	9
7	0	10
19	1	20
17	7	22
20	5	19
6	9	17
18	0	13
14	8	11
4	10	5
16	11	15
14	4	13
8	1	12
13	5	19
2	0	16
22	4	2
22	5	3
17	5	15
14	7	20
7	11	8
13	0	11
4	3	17
0	1	15
6	6	23
15	0	6
18	1	20
14	5	12
11	6	21
6	4	16
18	11	19
16	1	17
5	11	4
3	10	2
17	4	16
